Type;FSL-6;
Version;2.00 SP3;
Date;25.Sep 15;
Mode;ANALYZER;
Center Freq;320691282,565130;Hz
Freq Offset;0,000000;Hz
Span;640000000,000000;Hz
x-Axis;LIN;
Start;691282,565130;Hz
Stop;640691282,565130;Hz
Ref Level;-20,000000;dBm
Level Offset;0,000000;dB
Ref Position;100,000000;%
y-Axis;LOG;
Level Range;100,000000;dB
Rf Att;0,000000;dB
RBW;30000,000000;Hz
VBW;100000,000000;Hz
SWT;0,700000;s
Trace Mode;CLR/WRITE;
Detector;MAXPEAK;
Sweep Count;0;
Trace 1:;;
x-Unit;Hz;
y-Unit;dBm;
Preamplifier;OFF;
Transducer;OFF;
Values;501;
691282,56513047218;-67,955284118652344;
1971282,5651304722;-76,962142944335938;
3251282,5651304722;-81,15924072265625;
4531282,5651304722;-82,179489135742187;
5811282,5651304722;-80,872772216796875;
7091282,5651304722;-82,175338745117188;
8371282,5651304722;-81,848663330078125;
9651282,5651304722;-82,058700561523438;
10931282,565130472;-82,842201232910156;
12211282,565130472;-81,706062316894531;
13491282,565130472;-83,852645874023438;
14771282,565130472;-84,461174011230469;
16051282,565130472;-86,505569458007813;
17331282,565130472;-83,390228271484375;
18611282,565130472;-83,724517822265625;
19891282,565130472;-85,018989562988281;
21171282,565130472;-84,331329345703125;
22451282,565130472;-84,17449951171875;
23731282,565130472;-83,694900512695313;
25011282,565130472;-84,895271301269531;
26291282,565130472;-83,258445739746094;
27571282,565130472;-84,082382202148438;
28851282,565130472;-81,121444702148438;
30131282,565130472;-83,049667358398438;
31411282,565130472;-83,175895690917969;
32691282,565130472;-82,244880676269531;
33971282,565130472;-79,430252075195313;
35251282,565130472;-80,415191650390625;
36531282,565130472;-81,234718322753906;
37811282,565130472;-82,317459106445312;
39091282,565130472;-80,807090759277344;
40371282,565130472;-82,028038024902344;
41651282,565130472;-81,222015380859375;
42931282,565130472;-82,462814331054687;
44211282,565130472;-81,160514831542969;
45491282,565130472;-82,649085998535156;
46771282,565130472;-81,946723937988281;
48051282,565130472;-82,672882080078125;
49331282,565130472;-80,987533569335938;
50611282,565130472;-82,326484680175781;
51891282,565130472;-83,583061218261719;
53171282,565130472;-83,394203186035156;
54451282,565130472;-84,651512145996094;
55731282,565130472;-85,702224731445313;
57011282,565130472;-85,361175537109375;
58291282,565130472;-87,040496826171875;
59571282,565130472;-86,0274658203125;
60851282,565130472;-87,135528564453125;
62131282,565130472;-84,687355041503906;
63411282,565130472;-38,590301513671875;
64691282,565130472;-86,080772399902344;
65971282,565130472;-84,593528747558594;
67251282,565130472;-88,56671142578125;
68531282,565130472;-86,530998229980469;
69811282,565130472;-84,479103088378906;
71091282,565130472;-83,743988037109375;
72371282,565130472;-82,560379028320312;
73651282,565130472;-84,198532104492188;
74931282,565130472;-83,190650939941406;
76211282,565130472;-82,828277587890625;
77491282,565130472;-83,918693542480469;
78771282,565130472;-81,034538269042969;
80051282,565130472;-83,608619689941406;
81331282,565130472;-82,168418884277344;
82611282,565130472;-81,532554626464844;
83891282,565130472;-78,812362670898438;
85171282,565130472;-78,440444946289063;
86451282,565130472;-80,666015625;
87731282,565130472;-76,99078369140625;
89011282,565130472;-78,995063781738281;
90291282,565130472;-77,379898071289062;
91571282,565130472;-78,296798706054687;
92851282,565130472;-79,050483703613281;
94131282,565130472;-78,432258605957031;
95411282,565130472;-80,647544860839844;
96691282,565130472;-79,414695739746094;
97971282,565130472;-78,475189208984375;
99251282,565130472;-77,184242248535156;
100531282,56513047;-79,426185607910156;
101811282,56513047;-77,733566284179688;
103091282,56513047;-79,643478393554688;
104371282,56513047;-79,662429809570312;
105651282,56513047;-78,020538330078125;
106931282,56513047;-80,432594299316406;
108211282,56513047;-77,946678161621094;
109491282,56513047;-77,878883361816406;
110771282,56513047;-77,737556457519531;
112051282,56513047;-78,657142639160156;
113331282,56513047;-79,197357177734375;
114611282,56513047;-78,359054565429687;
115891282,56513047;-80,473350524902344;
117171282,56513047;-79,218917846679688;
118451282,56513047;-81,464828491210938;
119731282,56513047;-80,045700073242188;
121011282,56513047;-82,949630737304688;
122291282,56513047;-84,2669677734375;
123571282,56513047;-83,3779296875;
124851282,56513047;-86,26715087890625;
126131282,56513047;-86,180244445800781;
127411282,56513047;-44,194236755371094;
128691282,56513047;-83,092742919921875;
129971282,56513047;-85,269546508789063;
131251282,56513047;-83,322540283203125;
132531282,56513047;-83,651008605957031;
133811282,56513047;-84,466201782226562;
135091282,56513047;-83,883743286132813;
136371282,56513047;-82,141128540039062;
137651282,56513047;-81,94024658203125;
138931282,56513047;-80,89093017578125;
140211282,56513047;-79,619590759277344;
141491282,56513047;-81,855941772460938;
142771282,56513047;-80,622085571289063;
144051282,56513047;-79,375747680664062;
145331282,56513047;-78,213943481445313;
146611282,56513047;-79,958427429199219;
147891282,56513047;-80,221473693847656;
149171282,56513047;-79,310379028320313;
150451282,56513047;-78,62860107421875;
151731282,56513047;-78,276786804199219;
153011282,56513047;-77,709548950195313;
154291282,56513047;-78,162788391113281;
155571282,56513047;-78,066818237304688;
156851282,56513047;-79,236152648925781;
158131282,56513047;-77,692550659179688;
159411282,56513047;-79,420654296875;
160691282,56513047;-78,382881164550781;
161971282,56513047;-79,874969482421875;
163251282,56513047;-77,178558349609375;
164531282,56513047;-77,631790161132813;
165811282,56513047;-78,704078674316406;
167091282,56513047;-77,902313232421875;
168371282,56513047;-77,543144226074219;
169651282,56513047;-80,104225158691406;
170931282,56513047;-77,003448486328125;
172211282,56513047;-78,286003112792969;
173491282,56513047;-80,114822387695313;
174771282,56513047;-79,339530944824219;
176051282,56513047;-78,932571411132813;
177331282,56513047;-80,633453369140625;
178611282,56513047;-81,196975708007813;
179891282,56513047;-79,296066284179688;
181171282,56513047;-82,065956115722656;
182451282,56513047;-81,577384948730469;
183731282,56513047;-81,326286315917969;
185011282,56513047;-83,016891479492187;
186291282,56513047;-83,851707458496094;
187571282,56513047;-83,710159301757813;
188851282,56513047;-83,804611206054687;
190131282,56513047;-82,591850280761719;
191411282,56513047;-32,091861724853516;
192691282,56513047;-79,4031982421875;
193971282,56513047;-83,800849914550781;
195251282,56513047;-85,887733459472656;
196531282,56513047;-84,114013671875;
197811282,56513047;-82,296905517578125;
199091282,56513047;-81,777458190917969;
200371282,56513047;-81,408988952636719;
201651282,56513047;-81,076889038085938;
202931282,56513047;-81,524848937988281;
204211282,56513047;-68,774261474609375;
205491282,56513047;-79,871063232421875;
206771282,56513047;-81,454193115234375;
208051282,56513047;-78,65545654296875;
209331282,56513047;-78,418937683105469;
210611282,56513047;-78,284614562988281;
211891282,56513047;-78,800956726074219;
213171282,56513047;-77,6990966796875;
214451282,56513047;-77,554473876953125;
215731282,56513047;-78,327400207519531;
217011282,56513047;-78,077651977539063;
218291282,56513047;-78,149917602539062;
219571282,56513047;-77,077461242675781;
220851282,56513047;-77,884208679199219;
222131282,56513047;-77,463882446289063;
223411282,56513047;-79,438163757324219;
224691282,56513047;-78,465682983398438;
225971282,56513047;-75,136116027832031;
227251282,56513047;-79,991691589355469;
228531282,56513047;-77,131935119628906;
229811282,56513047;-77,294639587402344;
231091282,56513047;-77,419837951660156;
232371282,56513047;-79,03900146484375;
233651282,56513047;-79,087005615234375;
234931282,56513047;-77,21978759765625;
236211282,56513047;-80,430671691894531;
237491282,56513047;-78,445091247558594;
238771282,56513047;-79,356239318847656;
240051282,56513047;-79,314552307128906;
241331282,56513047;-80,755783081054688;
242611282,56513047;-81,864700317382813;
243891282,56513047;-79,271095275878906;
245171282,56513047;-82,021011352539063;
246451282,56513047;-82,566024780273438;
247731282,56513047;-83,147056579589844;
249011282,56513047;-84,388320922851563;
250291282,56513047;-82,955162048339844;
251571282,56513047;-84,112716674804688;
252851282,56513047;-85,198959350585938;
254131282,56513047;-82,905418395996094;
255411282,56513047;-36,017509460449219;
256691282,56513047;-81,466529846191406;
257971282,56513047;-83,918052673339844;
259251282,56513047;-81,99212646484375;
260531282,56513047;-82,781333923339844;
261811282,56513047;-82,858131408691406;
263091282,56513047;-80,720458984375;
264371282,56513047;-81,152359008789063;
265651282,56513047;-78,638992309570313;
266931282,56513047;-81,281669616699219;
268211282,56513047;-80,461502075195313;
269491282,56513047;-77,226890563964844;
270771282,56513047;-78,542518615722656;
272051282,56513047;-77,604721069335938;
273331282,56513047;-77,471969604492188;
274611282,56513047;-78,489105224609375;
275891282,56513047;-78,81365966796875;
277171282,56513047;-77,067848205566406;
278451282,56513047;-78,14306640625;
279731282,56513047;-75,92010498046875;
281011282,56513047;-76,271125793457031;
282291282,56513047;-77,084609985351563;
283571282,56513047;-78,681816101074219;
284851282,56513047;-78,457160949707031;
286131282,56513047;-77,7906494140625;
287411282,56513047;-76,424224853515625;
288691282,56513047;-76,027534484863281;
289971282,56513047;-76,370468139648438;
291251282,56513047;-78,053703308105469;
292531282,56513047;-76,729179382324219;
293811282,56513047;-77,586761474609375;
295091282,56513047;-75,632164001464844;
296371282,56513047;-78,585105895996094;
297651282,56513047;-78,392807006835938;
298931282,56513047;-78,507095336914063;
300211282,56513047;-78,940643310546875;
301491282,56513047;-78,017723083496094;
302771282,56513047;-80,080497741699219;
304051282,56513047;-78,618675231933594;
305331282,56513047;-80,965240478515625;
306611282,56513047;-82,723648071289063;
307891282,56513047;-82,225677490234375;
309171282,56513047;-81,885780334472656;
310451282,56513047;-82,536216735839844;
311731282,56513047;-81,986785888671875;
313011282,56513047;-83,120262145996094;
314291282,56513047;-84,899246215820312;
315571282,56513047;-85,964347839355469;
316851282,56513047;-82,806373596191406;
318131282,56513047;-84,20672607421875;
319411282,56513047;-33,041530609130859;
320691282,56513047;-55,031536102294922;
321971282,56513047;-85,22137451171875;
323251282,56513047;-84,549896240234375;
324531282,56513047;-84,598197937011719;
325811282,56513047;-84,730300903320313;
327091282,56513047;-85,218994140625;
328371282,56513047;-81,655189514160156;
329651282,56513047;-81,627021789550781;
330931282,56513047;-82,139236450195313;
332211282,56513047;-83,058029174804688;
333491282,56513047;-82,610054016113281;
334771282,56513047;-79,1131591796875;
336051282,56513047;-75,578758239746094;
337331282,56513047;-79,444290161132813;
338611282,56513047;-79,96826171875;
339891282,56513047;-77,835922241210938;
341171282,56513047;-80,085441589355469;
342451282,56513047;-78,661849975585937;
343731282,56513047;-78,718231201171875;
345011282,56513047;-77,787956237792969;
346291282,56513047;-77,490699768066406;
347571282,56513047;-78,555801391601562;
348851282,56513047;-77,873298645019531;
350131282,56513047;-74,741096496582031;
351411282,56513047;-78,908073425292969;
352691282,56513047;-75,41558837890625;
353971282,56513047;-78,642227172851563;
355251282,56513047;-77,309814453125;
356531282,56513047;-78,15582275390625;
357811282,56513047;-79,495170593261719;
359091282,56513047;-77,810577392578125;
360371282,56513047;-77,488334655761719;
361651282,56513047;-81,56707763671875;
362931282,56513047;-80,597854614257813;
364211282,56513047;-78,564041137695313;
365491282,56513047;-79,220375061035156;
366771282,56513047;-81,346389770507813;
368051282,56513047;-75,749740600585938;
369331282,56513047;-80,154914855957031;
370611282,56513047;-81,696441650390625;
371891282,56513047;-81,272003173828125;
373171282,56513047;-82,831916809082031;
374451282,56513047;-82,734649658203125;
375731282,56513047;-81,431632995605469;
377011282,56513047;-82,301910400390625;
378291282,56513047;-84,06842041015625;
379571282,56513047;-83,190361022949219;
380851282,56513047;-81,2410888671875;
382131282,56513047;-84,923561096191406;
383411282,56513047;-75,281761169433594;
384691282,56513047;-32,347282409667969;
385971282,56513047;-82,642280578613281;
387251282,56513047;-84,379371643066406;
388531282,56513047;-82,345558166503906;
389811282,56513047;-83,80621337890625;
391091282,56513047;-83,50823974609375;
392371282,56513047;-83,835197448730469;
393651282,56513047;-83,432815551757813;
394931282,56513047;-84,074440002441406;
396211282,56513047;-81,212043762207031;
397491282,56513047;-81,987480163574219;
398771282,56513047;-80,599174499511719;
400051282,56513047;-79,741706848144531;
401331282,56513047;-79,375663757324219;
402611282,56513047;-80,018081665039063;
403891282,56513047;-79,466522216796875;
405171282,56513047;-80,164085388183594;
406451282,56513047;-80,477874755859375;
407731282,56513047;-70,050926208496094;
409011282,56513047;-77,866836547851563;
410291282,56513047;-80,297294616699219;
411571282,56513047;-80,27655029296875;
412851282,56513047;-79,872772216796875;
414131282,56513047;-77,959602355957031;
415411282,56513047;-79,168876647949219;
416691282,56513047;-78,429832458496094;
417971282,56513047;-75,93804931640625;
419251282,56513047;-79,180183410644531;
420531282,56513047;-78,055160522460938;
421811282,56513047;-79,772468566894531;
423091282,56513047;-77,7210693359375;
424371282,56513047;-81,460212707519531;
425651282,56513047;-79,39263916015625;
426931282,56513047;-79,786567687988281;
428211282,56513047;-77,288902282714844;
429491282,56513047;-77,538719177246094;
430771282,56513047;-79,083992004394531;
432051282,56513047;-79,920509338378906;
433331282,56513047;-81,073165893554688;
434611282,56513047;-81,619285583496094;
435891282,56513047;-82,263175964355469;
437171282,56513047;-81,927040100097656;
438451282,56513047;-82,542991638183594;
439731282,56513047;-81,496635437011719;
441011282,56513047;-83,011032104492188;
442291282,56513047;-84,89007568359375;
443571282,56513047;-84,387779235839844;
444851282,56513047;-86,158027648925781;
446131282,56513047;-83,794158935546875;
447411282,56513047;-80,909767150878906;
448691282,56513047;-35,794712066650391;
449971282,56513047;-84,135581970214844;
451251282,56513047;-83,297340393066406;
452531282,56513047;-84,764533996582031;
453811282,56513047;-81,086692810058594;
455091282,56513047;-84,193412780761719;
456371282,56513047;-82,274948120117187;
457651282,56513047;-82,392280578613281;
458931282,56513047;-83,749198913574219;
460211282,56513047;-83,490104675292969;
461491282,56513047;-84,064743041992188;
462771282,56513047;-85,023902893066406;
464051282,56513047;-73,809402465820313;
465331282,56513047;-81,755279541015625;
466611282,56513047;-81,29254150390625;
467891282,56513047;-82,234054565429688;
469171282,56513047;-80,953018188476563;
470451282,56513047;-79,750648498535156;
471731282,56513047;-81,947906494140625;
473011282,56513047;-81,857917785644531;
474291282,56513047;-81,255477905273438;
475571282,56513047;-82,743255615234375;
476851282,56513047;-80,171913146972656;
478131282,56513047;-79,853271484375;
479411282,56513047;-81,16900634765625;
480691282,56513047;-75,398765563964844;
481971282,56513047;-81,337516784667969;
483251282,56513047;-79,231575012207031;
484531282,56513047;-79,813560485839844;
485811282,56513047;-82,526939392089844;
487091282,56513047;-80,992256164550781;
488371282,56513047;-80,959609985351562;
489651282,56513047;-82,120948791503906;
490931282,56513047;-80,941375732421875;
492211282,56513047;-81,933616638183594;
493491282,56513047;-81,446601867675781;
494771282,56513047;-81,009590148925781;
496051282,56513047;-71,989700317382813;
497331282,56513047;-76,769027709960938;
498611282,56513047;-81,11163330078125;
499891282,56513047;-82,798652648925781;
501171282,56513047;-79,702224731445313;
502451282,56513047;-83,566253662109375;
503731282,56513047;-80,946449279785156;
505011282,56513047;-82,192390441894531;
506291282,56513047;-85,541778564453125;
507571282,56513047;-83,536613464355469;
508851282,56513047;-82,350471496582031;
510131282,56513047;-81,370925903320313;
511411282,56513047;-80,720016479492188;
512691282,56513047;-28,889438629150391;
513971282,56513047;-81,995132446289062;
515251282,56513047;-80,908981323242187;
516531282,56513047;-82,00421142578125;
517811282,56513047;-82,541404724121094;
519091282,56513047;-84,215240478515625;
520371282,56513047;-81,637351989746094;
521651282,56513047;-81,840019226074219;
522931282,56513047;-81,599372863769531;
524211282,56513047;-82,133621215820313;
525491282,56513047;-82,365707397460937;
526771282,56513047;-80,322311401367188;
528051282,56513047;-72,444992065429688;
529331282,56513047;-78,502922058105469;
530611282,56513047;-80,817115783691406;
531891282,56513047;-79,90447998046875;
533171282,56513047;-81,679779052734375;
534451282,56513047;-82,557380676269531;
535731282,56513047;-81,090385437011719;
537011282,56513047;-80,056434631347656;
538291282,56513047;-79,462142944335938;
539571282,56513047;-77,337135314941406;
540851282,56513047;-81,101181030273438;
542131282,56513047;-79,379081726074219;
543411282,56513047;-79,661895751953125;
544691282,56513047;-77,01708984375;
545971282,56513047;-78,213775634765625;
547251282,56513047;-78,081199645996094;
548531282,56513047;-80,239532470703125;
549811282,56513047;-78,885025024414063;
551091282,56513047;-79,237648010253906;
552371282,56513047;-80,966537475585938;
553651282,56513047;-81,889625549316406;
554931282,56513047;-79,063873291015625;
556211282,56513047;-81,420616149902344;
557491282,56513047;-81,765106201171875;
558771282,56513047;-80,701652526855469;
560051282,56513047;-77,550201416015625;
561331282,56513047;-82,69854736328125;
562611282,56513047;-83,577537536621094;
563891282,56513047;-82,975799560546875;
565171282,56513047;-81,203590393066406;
566451282,56513047;-82,782493591308594;
567731282,56513047;-81,751396179199219;
569011282,56513047;-83,044303894042969;
570291282,56513047;-83,500534057617188;
571571282,56513047;-86,616767883300781;
572851282,56513047;-85,685646057128906;
574131282,56513047;-83,38189697265625;
575411282,56513047;-84,590248107910156;
576691282,56513047;-43,784095764160156;
577971282,56513047;-84,573402404785156;
579251282,56513047;-82,4637451171875;
580531282,56513047;-83,282440185546875;
581811282,56513047;-82,646141052246094;
583091282,56513047;-84,080940246582031;
584371282,56513047;-84,416595458984375;
585651282,56513047;-84,266281127929688;
586931282,56513047;-81,777252197265625;
588211282,56513047;-81,692359924316406;
589491282,56513047;-80,916374206542969;
590771282,56513047;-82,563652038574219;
592051282,56513047;-76,505165100097656;
593331282,56513047;-74,321243286132813;
594611282,56513047;-81,723770141601563;
595891282,56513047;-79,129608154296875;
597171282,56513047;-82,352439880371094;
598451282,56513047;-81,757316589355469;
599731282,56513047;-80,756355285644531;
601011282,56513047;-81,012916564941406;
602291282,56513047;-79,426849365234375;
603571282,56513047;-79,564857482910156;
604851282,56513047;-82,087890625;
606131282,56513047;-81,649482727050781;
607411282,56513047;-82,314643859863281;
608691282,56513047;-72,624313354492187;
609971282,56513047;-80,6746826171875;
611251282,56513047;-82,895545959472656;
612531282,56513047;-74,376419067382812;
613811282,56513047;-80,748298645019531;
615091282,56513047;-83,188255310058594;
616371282,56513047;-80,837562561035156;
617651282,56513047;-80,228591918945313;
618931282,56513047;-82,727371215820313;
620211282,56513047;-82,211769104003906;
621491282,56513047;-83,523170471191406;
622771282,56513047;-84,579460144042969;
624051282,56513047;-74,406105041503906;
625331282,56513047;-74,142677307128906;
626611282,56513047;-83,286308288574219;
627891282,56513047;-83,685317993164062;
629171282,56513047;-84,270332336425781;
630451282,56513047;-81,713775634765625;
631731282,56513047;-82,16571044921875;
633011282,56513047;-80,287765502929688;
634291282,56513047;-84,088607788085938;
635571282,56513047;-82,855438232421875;
636851282,56513047;-81,581832885742188;
638131282,56513047;-82,208755493164062;
639411282,56513047;-82,037971496582031;
640691282,56513047;-31,993247985839844;
