Type;FSL-6;
Version;2.00 SP3;
Date;25.Sep 15;
Mode;ANALYZER;
Center Freq;320691282,565130;Hz
Freq Offset;0,000000;Hz
Span;640000000,000000;Hz
x-Axis;LIN;
Start;691282,565130;Hz
Stop;640691282,565130;Hz
Ref Level;-20,000000;dBm
Level Offset;0,000000;dB
Ref Position;100,000000;%
y-Axis;LOG;
Level Range;100,000000;dB
Rf Att;0,000000;dB
RBW;30000,000000;Hz
VBW;100000,000000;Hz
SWT;0,700000;s
Trace Mode;CLR/WRITE;
Detector;MAXPEAK;
Sweep Count;0;
Trace 1:;;
x-Unit;Hz;
y-Unit;dBm;
Preamplifier;OFF;
Transducer;OFF;
Values;501;
691282,56513047218;-66,009910583496094;
1971282,5651304722;-77,890724182128906;
3251282,5651304722;-82,7811279296875;
4531282,5651304722;-79,118057250976563;
5811282,5651304722;-83,4849853515625;
7091282,5651304722;-81,879043579101563;
8371282,5651304722;-82,393463134765625;
9651282,5651304722;-82,870384216308594;
10931282,565130472;-82,941452026367188;
12211282,565130472;-83,917587280273438;
13491282,565130472;-84,905471801757813;
14771282,565130472;-86,935905456542969;
16051282,565130472;-84,398445129394531;
17331282,565130472;-85,839225769042969;
18611282,565130472;-85,345657348632812;
19891282,565130472;-85,162353515625;
21171282,565130472;-87,203079223632813;
22451282,565130472;-86,646286010742187;
23731282,565130472;-86,530616760253906;
25011282,565130472;-86,921516418457031;
26291282,565130472;-85,704505920410156;
27571282,565130472;-87,068084716796875;
28851282,565130472;-85,52978515625;
30131282,565130472;-85,861129760742187;
31411282,565130472;-85,266105651855469;
32691282,565130472;-87,864852905273438;
33971282,565130472;-85,978057861328125;
35251282,565130472;-85,691818237304688;
36531282,565130472;-87,028945922851563;
37811282,565130472;-84,675285339355469;
39091282,565130472;-85,46319580078125;
40371282,565130472;-84,806411743164063;
41651282,565130472;-86,318519592285156;
42931282,565130472;-87,154212951660156;
44211282,565130472;-84,895401000976563;
45491282,565130472;-87,231674194335938;
46771282,565130472;-88,218833923339844;
48051282,565130472;-86,995933532714844;
49331282,565130472;-86,067863464355469;
50611282,565130472;-87,964111328125;
51891282,565130472;-88,580314636230469;
53171282,565130472;-86,426963806152344;
54451282,565130472;-88,770919799804688;
55731282,565130472;-86,023513793945313;
57011282,565130472;-86,860275268554688;
58291282,565130472;-87,800712585449219;
59571282,565130472;-85,640007019042969;
60851282,565130472;-85,496734619140625;
62131282,565130472;-87,514984130859375;
63411282,565130472;-65,49322509765625;
64691282,565130472;-85,263946533203125;
65971282,565130472;-87,457916259765625;
67251282,565130472;-88,403495788574219;
68531282,565130472;-85,164970397949219;
69811282,565130472;-87,950057983398437;
71091282,565130472;-87,280364990234375;
72371282,565130472;-87,224586486816406;
73651282,565130472;-86,506370544433594;
74931282,565130472;-87,352691650390625;
76211282,565130472;-87,22265625;
77491282,565130472;-88,018241882324219;
78771282,565130472;-85,403182983398438;
80051282,565130472;-86,818557739257813;
81331282,565130472;-88,191291809082031;
82611282,565130472;-86,487159729003906;
83891282,565130472;-86,479904174804688;
85171282,565130472;-86,374122619628906;
86451282,565130472;-85,399322509765625;
87731282,565130472;-87,546981811523438;
89011282,565130472;-84,00848388671875;
90291282,565130472;-84,096809387207031;
91571282,565130472;-85,394538879394531;
92851282,565130472;-85,737983703613281;
94131282,565130472;-84,447776794433594;
95411282,565130472;-85,81536865234375;
96691282,565130472;-85,058921813964844;
97971282,565130472;-87,591087341308594;
99251282,565130472;-86,927291870117188;
100531282,56513047;-85,084381103515625;
101811282,56513047;-84,886451721191406;
103091282,56513047;-85,469306945800781;
104371282,56513047;-83,276741027832031;
105651282,56513047;-85,006523132324219;
106931282,56513047;-86,570159912109375;
108211282,56513047;-88,191146850585937;
109491282,56513047;-86,016220092773438;
110771282,56513047;-86,876991271972656;
112051282,56513047;-85,732833862304688;
113331282,56513047;-85,886322021484375;
114611282,56513047;-86,036148071289063;
115891282,56513047;-86,833686828613281;
117171282,56513047;-86,742362976074219;
118451282,56513047;-86,764244079589844;
119731282,56513047;-85,804634094238281;
121011282,56513047;-88,091712951660156;
122291282,56513047;-85,878555297851563;
123571282,56513047;-85,57843017578125;
124851282,56513047;-86,6678466796875;
126131282,56513047;-87,634490966796875;
127411282,56513047;-63,343608856201172;
128691282,56513047;-87,265823364257813;
129971282,56513047;-84,852684020996094;
131251282,56513047;-86,258987426757812;
132531282,56513047;-86,988151550292969;
133811282,56513047;-85,480064392089844;
135091282,56513047;-87,235588073730469;
136371282,56513047;-85,418701171875;
137651282,56513047;-82,913673400878906;
138931282,56513047;-83,158332824707031;
140211282,56513047;-86,618820190429687;
141491282,56513047;-86,018722534179688;
142771282,56513047;-85,528900146484375;
144051282,56513047;-87,356483459472656;
145331282,56513047;-85,799873352050781;
146611282,56513047;-85,677658081054687;
147891282,56513047;-83,761520385742187;
149171282,56513047;-87,265388488769531;
150451282,56513047;-86,871086120605469;
151731282,56513047;-83,218154907226563;
153011282,56513047;-81,420166015625;
154291282,56513047;-84,858375549316406;
155571282,56513047;-84,233787536621094;
156851282,56513047;-82,444618225097656;
158131282,56513047;-84,077880859375;
159411282,56513047;-84,35687255859375;
160691282,56513047;-85,341667175292969;
161971282,56513047;-81,118949890136719;
163251282,56513047;-82,688972473144531;
164531282,56513047;-82,334953308105469;
165811282,56513047;-83,202850341796875;
167091282,56513047;-83,581825256347656;
168371282,56513047;-81,120681762695313;
169651282,56513047;-84,011894226074219;
170931282,56513047;-82,832221984863281;
172211282,56513047;-82,798744201660156;
173491282,56513047;-80,93017578125;
174771282,56513047;-81,220199584960938;
176051282,56513047;-79,553085327148438;
177331282,56513047;-80,956947326660156;
178611282,56513047;-78,295097351074219;
179891282,56513047;-79,140937805175781;
181171282,56513047;-78,460472106933594;
182451282,56513047;-77,760162353515625;
183731282,56513047;-76,908401489257812;
185011282,56513047;-75,517715454101563;
186291282,56513047;-77,379623413085937;
187571282,56513047;-76,513893127441406;
188851282,56513047;-74,601951599121094;
190131282,56513047;-63,612319946289063;
191411282,56513047;-31,139760971069336;
192691282,56513047;-71,633453369140625;
193971282,56513047;-73,884292602539063;
195251282,56513047;-73,846405029296875;
196531282,56513047;-71,862411499023438;
197811282,56513047;-71,5826416015625;
199091282,56513047;-72,216011047363281;
200371282,56513047;-70,734420776367188;
201651282,56513047;-72,199188232421875;
202931282,56513047;-72,339103698730469;
204211282,56513047;-53,75018310546875;
205491282,56513047;-71,034530639648437;
206771282,56513047;-72,733100891113281;
208051282,56513047;-72,517898559570313;
209331282,56513047;-73,122467041015625;
210611282,56513047;-73,881423950195313;
211891282,56513047;-73,000114440917969;
213171282,56513047;-75,66033935546875;
214451282,56513047;-71,13385009765625;
215731282,56513047;-72,998565673828125;
217011282,56513047;-74,723602294921875;
218291282,56513047;-75,7347412109375;
219571282,56513047;-75,279129028320313;
220851282,56513047;-76,013824462890625;
222131282,56513047;-76,075798034667969;
223411282,56513047;-76,960479736328125;
224691282,56513047;-78,679641723632813;
225971282,56513047;-77,488807678222656;
227251282,56513047;-76,011245727539063;
228531282,56513047;-76,9775390625;
229811282,56513047;-78,26953125;
231091282,56513047;-75,62591552734375;
232371282,56513047;-78,136894226074219;
233651282,56513047;-76,718879699707031;
234931282,56513047;-74,677413940429687;
236211282,56513047;-77,814788818359375;
237491282,56513047;-75,37115478515625;
238771282,56513047;-77,377037048339844;
240051282,56513047;-76,247970581054688;
241331282,56513047;-79,108169555664063;
242611282,56513047;-78,024688720703125;
243891282,56513047;-77,699943542480469;
245171282,56513047;-79,312484741210938;
246451282,56513047;-77,866539001464844;
247731282,56513047;-78,087326049804688;
249011282,56513047;-81,032798767089844;
250291282,56513047;-80,445144653320312;
251571282,56513047;-81,482864379882813;
252851282,56513047;-84,290237426757812;
254131282,56513047;-83,311256408691406;
255411282,56513047;-53,439132690429688;
256691282,56513047;-81,622390747070313;
257971282,56513047;-81,560226440429688;
259251282,56513047;-79,801193237304688;
260531282,56513047;-79,690505981445313;
261811282,56513047;-80,625289916992188;
263091282,56513047;-81,149826049804688;
264371282,56513047;-80,870033264160156;
265651282,56513047;-82,193740844726563;
266931282,56513047;-81,066253662109375;
268211282,56513047;-79,880683898925781;
269491282,56513047;-78,547332763671875;
270771282,56513047;-79,727676391601562;
272051282,56513047;-79,255271911621094;
273331282,56513047;-78,887260437011719;
274611282,56513047;-80,099212646484375;
275891282,56513047;-81,7581787109375;
277171282,56513047;-79,216148376464844;
278451282,56513047;-79,695838928222656;
279731282,56513047;-79,147689819335938;
281011282,56513047;-78,382667541503906;
282291282,56513047;-80,6180419921875;
283571282,56513047;-78,597999572753906;
284851282,56513047;-81,639900207519531;
286131282,56513047;-79,071395874023438;
287411282,56513047;-79,468002319335938;
288691282,56513047;-78,479476928710938;
289971282,56513047;-80,945701599121094;
291251282,56513047;-79,605003356933594;
292531282,56513047;-79,164947509765625;
293811282,56513047;-81,689979553222656;
295091282,56513047;-79,391311645507813;
296371282,56513047;-79,377662658691406;
297651282,56513047;-80,991043090820313;
298931282,56513047;-80,550247192382813;
300211282,56513047;-79,739082336425781;
301491282,56513047;-81,325439453125;
302771282,56513047;-82,997825622558594;
304051282,56513047;-83,172584533691406;
305331282,56513047;-81,418869018554688;
306611282,56513047;-83,38018798828125;
307891282,56513047;-83,834327697753906;
309171282,56513047;-82,45556640625;
310451282,56513047;-82,740608215332031;
311731282,56513047;-81,712554931640625;
313011282,56513047;-84,749496459960938;
314291282,56513047;-83,148712158203125;
315571282,56513047;-84,957832336425781;
316851282,56513047;-85,056129455566406;
318131282,56513047;-82,580436706542969;
319411282,56513047;-53,195934295654297;
320691282,56513047;-77,323211669921875;
321971282,56513047;-84,376617431640625;
323251282,56513047;-85,511566162109375;
324531282,56513047;-85,615737915039062;
325811282,56513047;-84,263442993164062;
327091282,56513047;-82,622222900390625;
328371282,56513047;-84,299751281738281;
329651282,56513047;-82,158576965332031;
330931282,56513047;-84,313270568847656;
332211282,56513047;-84,116737365722656;
333491282,56513047;-84,270172119140625;
334771282,56513047;-83,817787170410156;
336051282,56513047;-82,87060546875;
337331282,56513047;-85,26275634765625;
338611282,56513047;-82,137870788574219;
339891282,56513047;-80,598846435546875;
341171282,56513047;-81,7918701171875;
342451282,56513047;-83,023124694824219;
343731282,56513047;-83,171417236328125;
345011282,56513047;-82,377151489257812;
346291282,56513047;-82,386482238769531;
347571282,56513047;-81,163597106933594;
348851282,56513047;-79,048164367675781;
350131282,56513047;-80,811744689941406;
351411282,56513047;-80,499809265136719;
352691282,56513047;-81,270088195800781;
353971282,56513047;-82,102874755859375;
355251282,56513047;-79,740425109863281;
356531282,56513047;-81,047416687011719;
357811282,56513047;-81,353042602539063;
359091282,56513047;-81,402824401855469;
360371282,56513047;-80,579902648925781;
361651282,56513047;-80,286338806152344;
362931282,56513047;-79,971450805664063;
364211282,56513047;-80,477058410644531;
365491282,56513047;-80,321723937988281;
366771282,56513047;-80,517807006835938;
368051282,56513047;-82,803367614746094;
369331282,56513047;-80,628395080566406;
370611282,56513047;-83,710189819335938;
371891282,56513047;-81,6160888671875;
373171282,56513047;-78,675018310546875;
374451282,56513047;-80,739280700683594;
375731282,56513047;-81,483100891113281;
377011282,56513047;-82,880531311035156;
378291282,56513047;-81,512077331542969;
379571282,56513047;-81,558181762695313;
380851282,56513047;-84,351043701171875;
382131282,56513047;-82,012847900390625;
383411282,56513047;-83,252937316894531;
384691282,56513047;-49,868156433105469;
385971282,56513047;-82,376869201660156;
387251282,56513047;-80,147483825683594;
388531282,56513047;-83,138862609863281;
389811282,56513047;-82,754859924316406;
391091282,56513047;-82,263519287109375;
392371282,56513047;-83,609481811523438;
393651282,56513047;-83,548973083496094;
394931282,56513047;-82,198173522949219;
396211282,56513047;-83,214027404785156;
397491282,56513047;-82,129371643066406;
398771282,56513047;-82,266639709472656;
400051282,56513047;-83,151626586914063;
401331282,56513047;-82,289299011230469;
402611282,56513047;-83,179496765136719;
403891282,56513047;-82,846290588378906;
405171282,56513047;-82,017562866210937;
406451282,56513047;-84,237022399902344;
407731282,56513047;-72,652107238769531;
409011282,56513047;-80,304794311523438;
410291282,56513047;-82,027984619140625;
411571282,56513047;-81,954307556152344;
412851282,56513047;-79,647071838378906;
414131282,56513047;-83,056098937988281;
415411282,56513047;-82,763328552246094;
416691282,56513047;-78,908462524414063;
417971282,56513047;-80,951469421386719;
419251282,56513047;-80,4954833984375;
420531282,56513047;-82,821540832519531;
421811282,56513047;-81,986190795898438;
423091282,56513047;-81,555938720703125;
424371282,56513047;-83,878326416015625;
425651282,56513047;-83,353233337402344;
426931282,56513047;-83,405288696289063;
428211282,56513047;-82,41259765625;
429491282,56513047;-83,084434509277344;
430771282,56513047;-84,339286804199219;
432051282,56513047;-81,820297241210938;
433331282,56513047;-84,050056457519531;
434611282,56513047;-81,983207702636719;
435891282,56513047;-84,066665649414063;
437171282,56513047;-85,507530212402344;
438451282,56513047;-85,796318054199219;
439731282,56513047;-83,774330139160156;
441011282,56513047;-85,017425537109375;
442291282,56513047;-84,05267333984375;
443571282,56513047;-85,669258117675781;
444851282,56513047;-82,659133911132813;
446131282,56513047;-82,672225952148437;
447411282,56513047;-84,527755737304688;
448691282,56513047;-52,71270751953125;
449971282,56513047;-85,203849792480469;
451251282,56513047;-82,930473327636719;
452531282,56513047;-84,913780212402344;
453811282,56513047;-85,481803894042969;
455091282,56513047;-82,901641845703125;
456371282,56513047;-86,838417053222656;
457651282,56513047;-85,098602294921875;
458931282,56513047;-86,3731689453125;
460211282,56513047;-83,842269897460938;
461491282,56513047;-84,13311767578125;
462771282,56513047;-85,437095642089844;
464051282,56513047;-84,154586791992188;
465331282,56513047;-83,633758544921875;
466611282,56513047;-84,371612548828125;
467891282,56513047;-83,372161865234375;
469171282,56513047;-85,439292907714844;
470451282,56513047;-83,173797607421875;
471731282,56513047;-83,973411560058594;
473011282,56513047;-84,034881591796875;
474291282,56513047;-85,480751037597656;
475571282,56513047;-83,701972961425781;
476851282,56513047;-88,376907348632812;
478131282,56513047;-83,689620971679688;
479411282,56513047;-83,862091064453125;
480691282,56513047;-86,265953063964844;
481971282,56513047;-84,50555419921875;
483251282,56513047;-82,537826538085938;
484531282,56513047;-86,136405944824219;
485811282,56513047;-85,170036315917969;
487091282,56513047;-87,145263671875;
488371282,56513047;-83,493156433105469;
489651282,56513047;-84,316291809082031;
490931282,56513047;-84,212333679199219;
492211282,56513047;-85,064155578613281;
493491282,56513047;-83,840461730957031;
494771282,56513047;-85,142234802246094;
496051282,56513047;-83,145835876464844;
497331282,56513047;-83,394767761230469;
498611282,56513047;-85,050910949707031;
499891282,56513047;-82,629554748535156;
501171282,56513047;-83,842201232910156;
502451282,56513047;-81,95025634765625;
503731282,56513047;-83,150611877441406;
505011282,56513047;-82,403396606445312;
506291282,56513047;-81,504722595214844;
507571282,56513047;-85,811370849609375;
508851282,56513047;-85,206779479980469;
510131282,56513047;-81,212112426757813;
511411282,56513047;-82,819793701171875;
512691282,56513047;-49,176185607910156;
513971282,56513047;-83,693473815917969;
515251282,56513047;-84,479179382324219;
516531282,56513047;-83,165847778320312;
517811282,56513047;-84,023597717285156;
519091282,56513047;-82,137535095214844;
520371282,56513047;-83,034255981445312;
521651282,56513047;-85,035263061523438;
522931282,56513047;-84,046890258789063;
524211282,56513047;-85,47149658203125;
525491282,56513047;-84,963958740234375;
526771282,56513047;-84,21600341796875;
528051282,56513047;-84,50469970703125;
529331282,56513047;-85,572723388671875;
530611282,56513047;-85,59600830078125;
531891282,56513047;-85,620025634765625;
533171282,56513047;-86,20355224609375;
534451282,56513047;-86,242279052734375;
535731282,56513047;-84,888504028320313;
537011282,56513047;-82,829658508300781;
538291282,56513047;-82,361083984375;
539571282,56513047;-85,786941528320312;
540851282,56513047;-84,088356018066406;
542131282,56513047;-84,267509460449219;
543411282,56513047;-85,850921630859375;
544691282,56513047;-86,35797119140625;
545971282,56513047;-84,607185363769531;
547251282,56513047;-83,846733093261719;
548531282,56513047;-85,897743225097656;
549811282,56513047;-86,009254455566406;
551091282,56513047;-87,71466064453125;
552371282,56513047;-84,913162231445312;
553651282,56513047;-87,476509094238281;
554931282,56513047;-83,96112060546875;
556211282,56513047;-86,278182983398438;
557491282,56513047;-85,374267578125;
558771282,56513047;-87,472236633300781;
560051282,56513047;-84,906730651855469;
561331282,56513047;-86,073188781738281;
562611282,56513047;-83,747367858886719;
563891282,56513047;-86,148979187011719;
565171282,56513047;-85,932487487792969;
566451282,56513047;-86,160072326660156;
567731282,56513047;-86,778053283691406;
569011282,56513047;-85,606513977050781;
570291282,56513047;-85,540016174316406;
571571282,56513047;-85,861709594726563;
572851282,56513047;-83,758659362792969;
574131282,56513047;-84,453834533691406;
575411282,56513047;-85,609260559082031;
576691282,56513047;-58,670696258544922;
577971282,56513047;-84,8843994140625;
579251282,56513047;-84,696578979492188;
580531282,56513047;-85,778480529785156;
581811282,56513047;-86,511894226074219;
583091282,56513047;-86,016021728515625;
584371282,56513047;-85,867912292480469;
585651282,56513047;-86,373405456542969;
586931282,56513047;-88,682373046875;
588211282,56513047;-84,860397338867188;
589491282,56513047;-84,680671691894531;
590771282,56513047;-85,49053955078125;
592051282,56513047;-87,495132446289063;
593331282,56513047;-83,956214904785156;
594611282,56513047;-85,667457580566406;
595891282,56513047;-84,132728576660156;
597171282,56513047;-87,229850769042969;
598451282,56513047;-84,725372314453125;
599731282,56513047;-84,577262878417969;
601011282,56513047;-87,336494445800781;
602291282,56513047;-85,498245239257813;
603571282,56513047;-86,396453857421875;
604851282,56513047;-86,92486572265625;
606131282,56513047;-86,342361450195313;
607411282,56513047;-85,448860168457031;
608691282,56513047;-84,706809997558594;
609971282,56513047;-84,916862487792969;
611251282,56513047;-85,015899658203125;
612531282,56513047;-79,344993591308594;
613811282,56513047;-85,272064208984375;
615091282,56513047;-87,052536010742188;
616371282,56513047;-85,834808349609375;
617651282,56513047;-87,018295288085938;
618931282,56513047;-87,403327941894531;
620211282,56513047;-86,371604919433594;
621491282,56513047;-86,393447875976563;
622771282,56513047;-87,7320556640625;
624051282,56513047;-86,755477905273437;
625331282,56513047;-84,674606323242188;
626611282,56513047;-85,510330200195313;
627891282,56513047;-85,774055480957031;
629171282,56513047;-86,9207763671875;
630451282,56513047;-85,175163269042969;
631731282,56513047;-84,116241455078125;
633011282,56513047;-83,067611694335937;
634291282,56513047;-86,3104248046875;
635571282,56513047;-85,516914367675781;
636851282,56513047;-84,005836486816406;
638131282,56513047;-85,814239501953125;
639411282,56513047;-84,927360534667969;
640691282,56513047;-47,292304992675781;
