Type;FSL-6;
Version;2.00 SP3;
Date;25.Sep 15;
Mode;ANALYZER;
Center Freq;68000000,000000;Hz
Freq Offset;0,000000;Hz
Span;120000000,000000;Hz
x-Axis;LIN;
Start;8000000,000000;Hz
Stop;128000000,000000;Hz
Ref Level;-10,000000;dBm
Level Offset;0,000000;dB
Ref Position;100,000000;%
y-Axis;LOG;
Level Range;100,000000;dB
Rf Att;10,000000;dB
RBW;30000,000000;Hz
VBW;100000,000000;Hz
SWT;0,490000;s
Trace Mode;CLR/WRITE;
Detector;MAXPEAK;
Sweep Count;0;
Trace 1:;;
x-Unit;Hz;
y-Unit;dBm;
Preamplifier;OFF;
Transducer;OFF;
Values;501;
8000000;-71,437301635742187;
8240000;-73,78277587890625;
8480000;-73,814544677734375;
8720000;-74,305076599121094;
8960000;-74,669151306152344;
9200000;-73,776756286621094;
9440000;-73,595306396484375;
9680000;-75,516563415527344;
9920000;-73,04345703125;
10160000;-73,072273254394531;
10400000;-74,25244140625;
10640000;-74,45550537109375;
10880000;-74,551963806152344;
11120000;-73,190498352050781;
11360000;-74,087608337402344;
11600000;-72,367355346679688;
11840000;-75,595832824707031;
12080000;-73,874107360839844;
12320000;-74,402145385742187;
12560000;-74,664756774902344;
12800000;-73,900283813476563;
13040000;-74,043060302734375;
13280000;-74,314506530761719;
13520000;-73,754425048828125;
13760000;-74,214813232421875;
14000000;-73,168754577636719;
14240000;-75,589218139648437;
14480000;-77,492843627929688;
14720000;-75,074874877929687;
14960000;-73,863380432128906;
15200000;-77,561653137207031;
15440000;-76,495010375976563;
15680000;-75,964340209960938;
15920000;-75,090309143066406;
16160000;-74,283203125;
16400000;-77,479316711425781;
16640000;-77,198616027832031;
16880000;-77,165679931640625;
17120000;-76,096824645996094;
17360000;-78,6224365234375;
17600000;-78,421134948730469;
17840000;-74,412162780761719;
18080000;-75,876853942871094;
18320000;-76,58795166015625;
18560000;-77,524772644042969;
18800000;-76,323577880859375;
19040000;-75,468666076660156;
19280000;-75,78936767578125;
19520000;-77,90325927734375;
19760000;-76,239616394042969;
20000000;-78,525543212890625;
20240000;-78,315422058105469;
20480000;-74,746841430664063;
20720000;-76,576934814453125;
20960000;-76,099189758300781;
21200000;-79,190185546875;
21440000;-77,347885131835938;
21680000;-75,071815490722656;
21920000;-74,360267639160156;
22160000;-76,464607238769531;
22400000;-74,706123352050781;
22640000;-76,325942993164063;
22880000;-78,906692504882813;
23120000;-76,902641296386719;
23360000;-77,915916442871094;
23600000;-76,435348510742188;
23840000;-72,151405334472656;
24080000;-76,093032836914062;
24320000;-75,74468994140625;
24560000;-75,169898986816406;
24800000;-77,027206420898438;
25040000;-77,180274963378906;
25280000;-76,845161437988281;
25520000;-73,673599243164063;
25760000;-75,214752197265625;
26000000;-74,87890625;
26240000;-75,282684326171875;
26480000;-75,434295654296875;
26720000;-76,1439208984375;
26960000;-73,750213623046875;
27200000;-77,588180541992187;
27440000;-74,269577026367188;
27680000;-77,481857299804687;
27920000;-76,642402648925781;
28160000;-76,253623962402344;
28400000;-77,668319702148438;
28640000;-77,792724609375;
28880000;-77,38629150390625;
29120000;-76,789451599121094;
29360000;-75,061843872070313;
29600000;-77,919769287109375;
29840000;-75,032730102539062;
30080000;-75,948951721191406;
30320000;-77,207054138183594;
30560000;-76,952827453613281;
30800000;-74,08636474609375;
31040000;-76,359062194824219;
31280000;-76,759162902832031;
31520000;-75,966018676757813;
31760000;-78,316642761230469;
32000000;-46,694522857666016;
32240000;-77,64569091796875;
32480000;-77,725242614746094;
32720000;-75,346977233886719;
32960000;-74,4281005859375;
33200000;-75,894264221191406;
33440000;-75,454025268554688;
33680000;-75,750465393066406;
33920000;-76,347610473632813;
34160000;-76,681541442871094;
34400000;-77,686729431152344;
34640000;-77,933174133300781;
34880000;-75,356391906738281;
35120000;-78,750289916992188;
35360000;-78,3460693359375;
35600000;-77,361763000488281;
35840000;-77,342803955078125;
36080000;-75,402717590332031;
36320000;-77,117385864257813;
36560000;-76,577888488769531;
36800000;-75,985450744628906;
37040000;-75,510650634765625;
37280000;-76,768020629882812;
37520000;-75,9373779296875;
37760000;-77,497650146484375;
38000000;-77,220611572265625;
38240000;-77,718505859375;
38480000;-76,453346252441406;
38720000;-78,04302978515625;
38960000;-77,9564208984375;
39200000;-78,477096557617188;
39440000;-76,9127197265625;
39680000;-77,734832763671875;
39920000;-76,102806091308594;
40160000;-79,279075622558594;
40400000;-78,793251037597656;
40640000;-77,952316284179687;
40880000;-78,798690795898437;
41120000;-75,637420654296875;
41360000;-76,641868591308594;
41600000;-77,627204895019531;
41840000;-77,866294860839844;
42080000;-77,190788269042969;
42320000;-76,387344360351563;
42560000;-76,744071960449219;
42800000;-78,382278442382813;
43040000;-77,717056274414063;
43280000;-75,780654907226563;
43520000;-76,080024719238281;
43760000;-78,124069213867187;
44000000;-77,144920349121094;
44240000;-75,515090942382812;
44480000;-77,4150390625;
44720000;-78,319496154785156;
44960000;-76,23016357421875;
45200000;-75,845802307128906;
45440000;-78,8353271484375;
45680000;-76,78643798828125;
45920000;-77,244621276855469;
46160000;-74,594322204589844;
46400000;-75,153236389160156;
46640000;-79,691123962402344;
46880000;-76,394569396972656;
47120000;-76,702774047851563;
47360000;-75,719207763671875;
47600000;-76,347953796386719;
47840000;-77,222282409667969;
48080000;-77,027595520019531;
48320000;-77,0189208984375;
48560000;-79,507026672363281;
48800000;-73,851913452148438;
49040000;-75,31219482421875;
49280000;-76,399726867675781;
49520000;-77,690910339355469;
49760000;-75,760383605957031;
50000000;-75,388336181640625;
50240000;-77,611305236816406;
50480000;-77,90948486328125;
50720000;-77,862861633300781;
50960000;-74,968002319335938;
51200000;-76,707939147949219;
51440000;-77,105377197265625;
51680000;-77,334449768066406;
51920000;-77,692916870117187;
52160000;-76,982391357421875;
52400000;-76,298332214355469;
52640000;-76,039215087890625;
52880000;-77,940162658691406;
53120000;-76,095191955566406;
53360000;-78,431388854980469;
53600000;-76,790817260742187;
53840000;-78,810134887695312;
54080000;-75,663833618164063;
54320000;-78,707305908203125;
54560000;-77,601974487304688;
54800000;-76,630439758300781;
55040000;-78,643142700195312;
55280000;-75,705642700195312;
55520000;-74,94805908203125;
55760000;-74,345603942871094;
56000000;-79,862335205078125;
56240000;-75,375747680664063;
56480000;-78,326576232910156;
56720000;-77,058753967285156;
56960000;-76,771705627441406;
57200000;-77,248550415039063;
57440000;-79,128173828125;
57680000;-77,529495239257813;
57920000;-75,845542907714844;
58160000;-76,298866271972656;
58400000;-79,921676635742188;
58640000;-76,358528137207031;
58880000;-79,401992797851562;
59120000;-75,093330383300781;
59360000;-77,684638977050781;
59600000;-78,34454345703125;
59840000;-77,2840576171875;
60080000;-76,988914489746094;
60320000;-78,062019348144531;
60560000;-74,006263732910156;
60800000;-76,701240539550781;
61040000;-77,086174011230469;
61280000;-75,061820983886719;
61520000;-77,01055908203125;
61760000;-79,419540405273437;
62000000;-76,520278930664063;
62240000;-76,104568481445312;
62480000;-75,5565185546875;
62720000;-75,873077392578125;
62960000;-77,008674621582031;
63200000;-76,558403015136719;
63440000;-76,779396057128906;
63680000;-77,846611022949219;
63920000;-43,850753784179688;
64160000;-63,010837554931641;
64400000;-74,773200988769531;
64640000;-77,282180786132813;
64880000;-74,943885803222656;
65120000;-75,148696899414063;
65360000;-75,709342956542969;
65600000;-76,023696899414063;
65840000;-75,078628540039063;
66080000;-76,812690734863281;
66320000;-77,43804931640625;
66560000;-74,025596618652344;
66800000;-74,263504028320312;
67040000;-78,10540771484375;
67280000;-76,589080810546875;
67520000;-77,293838500976563;
67760000;-77,658187866210937;
68000000;-79,218002319335938;
68240000;-78,486152648925781;
68480000;-74,209098815917969;
68720000;-76,801139831542969;
68960000;-76,777305603027344;
69200000;-77,338699340820312;
69440000;-74,772483825683594;
69680000;-76,565353393554688;
69920000;-78,550117492675781;
70160000;-76,794853210449219;
70400000;-76,726158142089844;
70640000;-77,857337951660156;
70880000;-78,798095703125;
71120000;-77,569244384765625;
71360000;-78,379867553710938;
71600000;-77,395835876464844;
71840000;-75,825103759765625;
72080000;-74,626396179199219;
72320000;-79,379966735839844;
72560000;-77,449722290039063;
72800000;-77,492774963378906;
73040000;-77,595390319824219;
73280000;-77,861228942871094;
73520000;-77,613143920898438;
73760000;-74,253646850585938;
74000000;-77,25079345703125;
74240000;-78,525344848632813;
74480000;-78,062576293945313;
74720000;-77,291023254394531;
74960000;-78,003135681152344;
75200000;-74,675971984863281;
75440000;-78,675956726074219;
75680000;-78,010276794433594;
75920000;-76,715980529785156;
76160000;-79,15216064453125;
76400000;-77,121925354003906;
76640000;-78,648651123046875;
76880000;-78,168243408203125;
77120000;-77,165824890136719;
77360000;-76,982444763183594;
77600000;-78,45623779296875;
77840000;-78,905143737792969;
78080000;-77,99462890625;
78320000;-74,577774047851563;
78560000;-79,035797119140625;
78800000;-77,144515991210938;
79040000;-77,2625732421875;
79280000;-76,602767944335937;
79520000;-77,356781005859375;
79760000;-77,971839904785156;
80000000;-73,329383850097656;
80240000;-78,56011962890625;
80480000;-77,875320434570313;
80720000;-76,767044067382813;
80960000;-79,600975036621094;
81200000;-76,0135498046875;
81440000;-74,683975219726563;
81680000;-74,885101318359375;
81920000;-75,628822326660156;
82160000;-79,294281005859375;
82400000;-75,500999450683594;
82640000;-75,713165283203125;
82880000;-76,843605041503906;
83120000;-76,138961791992188;
83360000;-76,431259155273438;
83600000;-75,725143432617188;
83840000;-75,788795471191406;
84080000;-73,793106079101563;
84320000;-74,453750610351562;
84560000;-72,692596435546875;
84800000;-76,182342529296875;
85040000;-74,597640991210938;
85280000;-74,653205871582031;
85520000;-78,345130920410156;
85760000;-76,316360473632812;
86000000;-75,169853210449219;
86240000;-74,649009704589844;
86480000;-76,249252319335937;
86720000;-74,471183776855469;
86960000;-75,535469055175781;
87200000;-75,42486572265625;
87440000;-76,356803894042969;
87680000;-74,125114440917969;
87920000;-73,233718872070312;
88160000;-78,376960754394531;
88400000;-77,098106384277344;
88640000;-72,412277221679688;
88880000;-75,90570068359375;
89120000;-74,287918090820312;
89360000;-74,529487609863281;
89600000;-74,923248291015625;
89840000;-76,955802917480469;
90080000;-74,682197570800781;
90320000;-74,883338928222656;
90560000;-74,7947998046875;
90800000;-75,014312744140625;
91040000;-74,887542724609375;
91280000;-73,937332153320312;
91520000;-76,167655944824219;
91760000;-77,567924499511719;
92000000;-77,522026062011719;
92240000;-76,788703918457031;
92480000;-73,866645812988281;
92720000;-76,464576721191406;
92960000;-76,293693542480469;
93200000;-76,541877746582031;
93440000;-75,706367492675781;
93680000;-76,892684936523438;
93920000;-77,116615295410156;
94160000;-75,72747802734375;
94400000;-77,722526550292969;
94640000;-73,530769348144531;
94880000;-75,086158752441406;
95120000;-76,726104736328125;
95360000;-77,502914428710938;
95600000;-77,980491638183594;
95840000;-77,953704833984375;
96080000;-42,516838073730469;
96320000;-77,039939880371094;
96560000;-74,682533264160156;
96800000;-76,446731567382812;
97040000;-73,879058837890625;
97280000;-76,497566223144531;
97520000;-78,4735107421875;
97760000;-75,817604064941406;
98000000;-75,24676513671875;
98240000;-76,331619262695312;
98480000;-78,464157104492187;
98720000;-78,152122497558594;
98960000;-76,727699279785156;
99200000;-75,180488586425781;
99440000;-77,64019775390625;
99680000;-76,839241027832031;
99920000;-77,438125610351563;
100160000;-77,295249938964844;
100400000;-74,679969787597656;
100640000;-76,811965942382813;
100880000;-75,562705993652344;
101120000;-77,000656127929688;
101360000;-77,647514343261719;
101600000;-77,74810791015625;
101840000;-75,850387573242188;
102080000;-77,283195495605469;
102320000;-76,746368408203125;
102560000;-76,897689819335938;
102800000;-75,382286071777344;
103040000;-79,774322509765625;
103280000;-76,79364013671875;
103520000;-77,634597778320313;
103760000;-75,231796264648438;
104000000;-77,770355224609375;
104240000;-75,89910888671875;
104480000;-77,846565246582031;
104720000;-76,48187255859375;
104960000;-75,289230346679688;
105200000;-77,796913146972656;
105440000;-76,395469665527344;
105680000;-77,83636474609375;
105920000;-78,120033264160156;
106160000;-78,424285888671875;
106400000;-76,257476806640625;
106640000;-79,363624572753906;
106880000;-76,229286193847656;
107120000;-78,77667236328125;
107360000;-76,245201110839844;
107600000;-73,957084655761719;
107840000;-78,473381042480469;
108080000;-77,408660888671875;
108320000;-77,203407287597656;
108560000;-78,453880310058594;
108800000;-77,062728881835938;
109040000;-78,087486267089844;
109280000;-78,46820068359375;
109520000;-75,872024536132813;
109760000;-79,704574584960937;
110000000;-75,714439392089844;
110240000;-75,094528198242187;
110480000;-77,886741638183594;
110720000;-75,345710754394531;
110960000;-77,843841552734375;
111200000;-75,243995666503906;
111440000;-76,466522216796875;
111680000;-76,478904724121094;
111920000;-70,495597839355469;
112160000;-61,182525634765625;
112400000;-75,155128479003906;
112640000;-76,524711608886719;
112880000;-76,809844970703125;
113120000;-75,942161560058594;
113360000;-76,683860778808594;
113600000;-77,829193115234375;
113840000;-78,150352478027344;
114080000;-75,3968505859375;
114320000;-77,505317687988281;
114560000;-77,691940307617187;
114800000;-76,423568725585937;
115040000;-76,673408508300781;
115280000;-78,319419860839844;
115520000;-75,007888793945313;
115760000;-77,263397216796875;
116000000;-77,189750671386719;
116240000;-76,300018310546875;
116480000;-76,242538452148438;
116720000;-75,018280029296875;
116960000;-76,571662902832031;
117200000;-75,245208740234375;
117440000;-76,431709289550781;
117680000;-75,454490661621094;
117920000;-73,717048645019531;
118160000;-75,035896301269531;
118400000;-75,256332397460938;
118640000;-78,047805786132813;
118880000;-75,458259582519531;
119120000;-77,140296936035156;
119360000;-77,829063415527344;
119600000;-75,901947021484375;
119840000;-76,543655395507813;
120080000;-76,009765625;
120320000;-75,924354553222656;
120560000;-74,507469177246094;
120800000;-75,294021606445312;
121040000;-75,723991394042969;
121280000;-77,450141906738281;
121520000;-75,284072875976563;
121760000;-77,51385498046875;
122000000;-76,388839721679687;
122240000;-76,766624450683594;
122480000;-75,967308044433594;
122720000;-77,003097534179688;
122960000;-76,741233825683594;
123200000;-76,549217224121094;
123440000;-75,755790710449219;
123680000;-72,2060546875;
123920000;-76,918647766113281;
124160000;-76,695747375488281;
124400000;-77,671249389648437;
124640000;-75,850730895996094;
124880000;-76,229972839355469;
125120000;-76,430557250976563;
125360000;-76,591438293457031;
125600000;-76,353836059570313;
125840000;-78,058677673339844;
126080000;-75,527938842773438;
126320000;-75,713081359863281;
126560000;-75,986457824707031;
126800000;-77,849357604980469;
127040000;-76,68023681640625;
127280000;-76,212516784667969;
127520000;-73,088470458984375;
127760000;-74,216156005859375;
128000000;-40,471202850341797;
